STT x y
1 -0.752759 -0.397949
2 2.704286 0.710578
3 1.391964 0.413929
4 0.591951 -0.348384
5 -2.063888 -1.602004
6 -2.064033 -1.313571
7 -2.651498 -0.124268
8 2.197057 1.136606
9 0.60669 0.226844
10 1.248435 -0.107001
11 -2.876493 -0.54427
12 2.819459 1.093891
13 1.994656 1.228569
14 -1.725965 -0.897142
15 -1.90905 -1.394176
16 -1.899573 -0.949208
17 -1.174547 -0.43835
18 0.148539 0.190342
19 -0.40833 -0.899242
20 -1.252625 -0.880124
21 0.671117 0.704303
22 -2.163037 -1.300001
23 -1.247132 -0.139952
24 -0.801829 -0.48537
25 -0.26358 -1.274258
26 1.711056 0.911238
27 -1.801957 -1.471539
28 0.085407 -0.190925
29 0.554487 0.595503
30 -2.721298 -0.661666
31 0.645269 1.531539
32 -1.976855 -1.400425
33 -2.60969 -0.751598
34 2.693313 0.82174
35 2.793792 -0.054448
36 1.850384 1.361626
37 -1.172317 -0.056177
38 -2.413967 0.139157
39 1.105398 -0.022489
40 -0.359085 -0.524256
41 -2.267771 -1.324425
42 -0.028939 -0.656556
43 -2.793669 -0.333421
44 2.455922 1.40972
45 -1.44732 -0.09111
46 0.975134 -0.311204
47 -1.129734 0.627203
48 0.120408 -0.409108
49 0.280262 0.883837
50 -1.890873 -0.329261
51 2.817508 0.432199
52 1.650797 0.699534
53 2.636994 0.917578
54 2.368964 0.907216
55 0.5874 -0.125754
56 2.531245 0.977717
57 -2.469045 -1.547561
58 -1.824103 -1.099527
59 -2.728636 -1.325671
60 -1.048018 0.684789
61 -0.667936 -0.95197
62 -1.371906 -0.489855
63 1.972425 1.892652
64 -0.85948 -0.899167
65 -1.314393 -0.11595
66 0.256176 1.20894
67 -2.154455 -2.242063
68 1.813182 1.411221
69 -2.552696 -0.792638
70 2.921322 1.465858
71 1.633469 0.322295
72 -1.807706 -1.970101
73 -2.966867 -0.900774
74 1.892769 1.575001
75 1.241144 0.261634
76 1.374043 0.506122
77 1.627622 0.586474
78 -2.555732 -0.803706
79 -0.849206 -0.151833
80 -2.304786 -1.611663
81 2.178621 2.348227
82 0.739789 0.697524
83 -1.014612 -0.706112
84 -2.61865 -0.547381
85 -1.134106 -0.562115
86 -1.0489 0.303797
87 1.377637 0.919103
88 0.825345 -0.077223
89 2.323276 1.708972
90 -0.16671 -0.186218
91 -2.282435 -0.875576
92 1.279469 1.128675
93 1.56471 0.64749
94 0.367663 0.304458
95 1.625803 0.477272
96 -0.037226 -0.500696
97 0.136397 0.289108
98 -0.434754 -0.539743
99 -2.847485 -0.823777
100 -2.352651 -0.76982
