STT X1 X2 X3 y
1 56 18 27 2.926144
2 81 57 3 4.744364
3 25 9 11 1.439488
4 20 13 30 0.569621
5 27 13 13 1.230924
6 18 46 7 1.404839
7 12 3 1 0.305343
8 21 20 2 1.617986
9 109 1 6 2.783971
10 7 55 41 0.405268
11 15 5 6 0.563583
12 1 6 15 -3.371716
13 27 46 6 2.688354
14 4 1 0 -0.915413
15 1 67 4 -1.550757
16 7 1 23 -1.499478
17 2 15 4 -2.589852
18 11 4 2 0.461102
19 6 20 8 0.191085
20 18 8 9 0.162696
21 1 5 4 -1.182805
22 2 13 5 -2.603536
23 2 17 5 -2.230283
24 7 23 15 0.482646
25 31 2 23 1.067041
26 7 5 9 -1.520061
27 7 11 2 -0.331051
28 28 15 2 1.875976
29 37 82 32 3.314473
30 9 3 29 -1.016352
31 8 40 12 0.029016
32 21 12 19 1.677833
33 7 64 14 1.017864
34 20 60 3 1.865770
35 3 27 4 -1.338605
36 71 15 4 2.947060
37 69 45 55 3.691963
38 27 4 59 0.735101
39 9 16 19 -0.079076
40 7 23 25 -0.003314
41 12 2 13 -0.059649
42 43 5 8 1.735411
43 9 62 24 0.281430
44 18 5 16 0.149593
45 4 11 2 -0.983498
46 21 19 3 1.429511
47 16 5 2 0.180028
48 12 1 20 0.722159
49 120 19 2 4.438655
50 33 1 3 1.084172
51 9 56 5 0.950954
52 6 11 6 -1.296775
53 30 5 5 1.312228
54 7 8 66 -1.201716
55 25 14 2 1.702776
56 27 1 1 0.953313
57 40 19 18 1.967682
58 15 28 4 1.069653
59 2 15 8 -1.168214
60 5 6 8 -1.359714
61 7 1 4 -1.272289
62 3 16 4 -3.003492
63 5 17 6 -1.645247
64 42 4 14 1.692594
65 10 4 24 -0.786818
66 7 34 17 0.071334
67 87 46 3 4.249007
68 5 31 14 0.168985
69 19 1 7 0.103091
70 4 11 6 -1.005449
71 24 9 19 1.540549
72 8 1 9 -1.233316
73 10 12 96 -0.070148
74 11 2 5 -0.571384
75 2 10 3 -0.288405
76 9 5 9 0.163221
77 2 10 1 -0.923963
78 7 6 17 -1.142363
79 1 22 43 -1.568929
80 0 21 17 -3.133127
81 4 5 12 -1.226336
82 8 8 3 -0.458324
83 32 35 10 2.543102
84 2 18 6 -1.974154
85 11 9 13 -0.034611
86 16 5 3 0.852639
87 2 15 1 -2.038809
88 5 7 6 -1.140616
89 1 11 11 -3.037640
90 8 2 16 -0.047078
91 13 1 75 -1.164972
92 19 4 4 0.295245
93 13 7 1 0.953122
94 68 13 22 3.109638
95 2 44 15 -0.261635
96 21 4 35 0.236935
97 20 28 5 1.911366
98 12 97 2 0.665239
99 10 34 8 0.418782
100 16 3 17 0.659263
101 5 55 6 -1.125110
102 7 17 4 -0.651977
103 1 3 19 -2.971175
104 3 7 19 -0.453671
105 1 4 4 -2.166831
106 9 7 5 0.159189
107 10 5 6 -0.076829
108 3 14 4 -1.037198
109 4 7 13 -2.003540
110 112 6 24 3.086808
111 26 2 24 0.425768
112 3 2 16 -3.467992
113 3 16 9 -2.462847
114 45 30 10 3.303711
115 7 2 6 -1.735907
116 11 9 10 -0.672033
117 18 13 2 1.208084
118 2 38 5 -1.435822
119 4 10 1 -1.124687
120 3 4 18 -1.105357
121 11 12 19 1.008293
122 13 8 13 0.514314
123 10 5 6 -0.497671
124 2 15 7 -1.524037
125 28 5 15 1.193410
126 10 22 3 1.332500
127 8 18 4 0.365334
128 14 0 6 -0.548682
129 14 0 3 -0.767834
130 3 41 9 -1.426507
131 23 10 13 0.817672
132 3 14 3 -2.654279
133 24 31 40 1.847973
134 28 3 1 1.145636
135 18 16 1 1.626611
136 17 19 8 1.022869
137 13 4 0 -0.588559
138 27 11 7 1.126022
139 56 29 8 3.107535
140 10 53 55 0.893928
141 23 14 1 2.051885
142 11 8 12 0.112372
143 24 2 6 0.009594
144 5 4 1 0.326743
145 34 9 2 1.653139
146 13 18 19 0.968238
147 28 15 1 1.365276
148 0 7 13 -1.918389
149 32 7 24 1.277609
150 5 6 8 -1.969351
151 1 25 25 -1.266841
152 12 14 76 0.406035
153 6 2 9 -2.021855
154 14 7 3 -0.262887
155 8 7 2 -0.539052
156 84 5 1 3.388240
157 1 11 0 -3.272521
158 5 5 7 -0.935024
159 45 21 32 3.185010
160 1 34 19 -0.820864
161 22 23 2 1.918567
162 9 28 0 0.118558
163 47 14 14 2.730957
164 14 3 5 -0.194354
165 29 42 143 2.182585
166 9 1 6 -0.433443
167 2 13 13 -1.710115
168 9 32 3 0.595774
169 10 5 3 -0.697249
170 1 2 36 -3.317493
171 25 36 2 2.360888
172 2 4 13 -3.532076
173 17 43 7 1.358009
174 60 5 5 2.754483
175 0 7 15 -3.211938
176 6 29 56 -1.044921
177 0 24 1 -3.027589
178 12 43 14 1.328884
179 0 6 6 -2.341888
180 10 7 5 -0.393178
181 11 1 7 -0.319503
182 51 7 7 2.251062
183 31 1 34 0.127145
184 3 8 16 -0.924593
185 22 4 5 1.427048
186 36 2 6 0.720937
187 2 6 78 -2.811001
188 14 12 1 0.243854
189 4 12 20 -1.090396
190 19 10 26 0.927441
191 16 0 6 -0.321852
192 24 12 11 1.600614
193 8 2 10 -1.904589
194 27 2 5 0.770821
195 2 18 10 -1.306133
196 5 9 16 -0.924230
197 6 1 25 -2.419795
198 17 8 3 0.698766
199 11 15 5 0.829974
200 6 8 13 -0.853867
201 1 15 5 -2.124802
202 9 4 8 -0.352685
203 15 1 14 -1.133700
204 5 1 3 -1.445798
205 25 17 8 1.488546
206 15 14 13 0.734464
207 21 3 23 1.114415
208 8 5 9 -0.701582
209 8 3 17 -1.316067
210 53 11 10 2.630504
211 6 7 11 -1.215236
212 4 3 8 -0.894155
213 4 7 40 -1.412949
214 38 5 46 1.958796
215 28 3 2 1.220968
216 5 29 6 0.107564
217 6 44 15 -0.107063
218 1 17 18 -3.576503
219 12 15 10 0.622920
220 4 4 3 -2.203132
221 5 2 6 -2.256251
222 17 6 3 -0.024566
223 5 29 1 0.805900
224 21 8 1 0.505869
225 3 8 15 -3.644289
226 16 5 18 -0.024199
227 53 20 4 2.560173
228 34 35 24 2.121811
229 9 0 70 -2.900346
230 1 9 101 -2.859477
231 15 25 1 1.238562
232 2 5 26 -3.260147
233 8 4 9 -1.026262
234 29 5 10 1.040640
235 1 31 11 -0.660905
236 84 26 10 3.933699
237 36 12 2 2.216603
238 26 1 6 0.720616
239 43 9 2 2.149869
240 5 25 4 -0.095443
241 8 6 12 -0.927663
242 13 2 6 -1.423620
243 1 40 14 -0.872125
244 14 6 5 0.741654
245 4 4 98 -1.692739
246 1 20 1 -3.109583
247 6 6 5 -0.593323
248 5 68 8 -0.803319
249 3 21 12 -0.905069
250 19 0 14 0.074956
251 14 0 11 0.234814
252 59 9 24 2.599991
253 18 6 16 0.661475
254 5 1 12 -2.783735
255 26 10 16 1.083666
256 2 7 8 -1.817276
257 55 9 7 2.882234
258 5 8 12 -0.510770
259 6 3 8 -1.593694
260 11 2 10 -1.426643
261 43 15 13 2.599371
262 2 12 17 -1.883144
263 17 14 3 1.238949
264 7 6 10 -0.491247
265 6 34 5 -0.585033
266 7 9 9 -1.266528
267 7 5 48 -1.310185
268 27 8 6 1.264106
269 31 18 20 1.672567
270 14 1 10 -0.988990
271 6 19 26 -0.597388
272 4 15 61 -0.980651
273 4 55 7 -0.009692
274 13 7 20 0.028926
275 3 8 4 -1.594424
276 12 11 90 0.453797
277 44 4 15 1.857208
278 21 16 11 1.614059
279 11 19 0 0.672534
280 4 10 15 -0.286991
281 19 9 15 0.060064
282 93 13 8 3.653090
283 13 3 9 0.983314
284 7 0 2 -1.284509
285 4 1 5 -1.205877
286 4 1 4 -1.583761
287 3 10 25 -0.970522
288 12 11 18 0.275439
289 18 4 8 -0.202803
290 8 4 14 -0.386763
291 28 3 5 1.391480
292 2 21 3 -0.879948
293 7 4 13 -0.848787
294 1 43 2 -1.993875
295 10 4 2 0.061814
296 3 27 7 -0.821747
297 17 3 2 0.050313
298 16 30 2 1.301635
299 2 51 7 -1.031161
300 2 139 5 -0.934407
301 2 1 14 -2.759707
302 20 2 65 -0.389857
303 4 5 26 -1.614764
304 34 4 3 1.813070
305 29 1 4 0.617844
306 21 16 5 1.540144
307 15 9 5 0.623930
308 39 39 11 2.763194
309 9 68 6 1.434156
310 3 15 41 -0.374736
311 52 5 9 2.355364
312 5 5 5 -2.276889
313 2 38 2 -0.557102
314 6 11 40 -0.787511
315 18 175 7 2.344404
316 14 12 40 0.404652
317 15 10 5 0.850543
318 15 41 5 1.233425
319 15 17 18 0.883880
320 6 96 2 0.198845
321 7 26 10 -0.082881
322 31 5 9 1.048815
323 7 47 18 0.832917
324 18 4 27 0.784215
325 17 37 78 0.918868
326 7 4 4 -0.620914
327 12 5 17 -0.487186
328 11 6 33 -0.557865
329 5 12 4 -1.201507
330 21 25 10 1.976647
331 13 14 1 0.895893
332 10 19 20 0.500801
333 11 10 3 -0.131148
334 6 12 26 -0.356562
335 5 14 14 -0.639419
336 18 16 0 0.836709
337 15 4 5 0.171882
338 46 10 47 2.580010
339 2 7 12 -1.801195
340 0 10 7 -2.563484
341 24 17 5 2.064726
342 2 61 6 -0.684099
343 3 1 31 -2.410706
344 6 8 17 -1.271162
345 3 0 25 -0.801690
346 28 29 27 2.169909
347 14 1 52 -0.559602
348 6 13 30 0.699375
349 43 15 16 2.471811
350 3 5 1 -0.838119
351 2 5 13 -1.637395
352 34 248 14 3.453202
353 2 34 8 -1.394531
354 3 17 5 -0.791149
355 12 14 7 0.292921
356 15 9 10 0.644214
357 19 20 6 0.807330
358 2 12 1 -2.149393
359 16 28 18 0.603842
360 5 3 15 -2.196859
361 5 3 23 -0.887804
362 1 1 7 -1.709610
363 3 5 15 -2.226991
364 9 5 8 -0.390976
365 3 7 95 -3.274218
366 6 24 11 0.279825
367 23 24 3 1.058403
368 4 53 6 0.939721
369 3 8 14 -1.108284
370 22 32 22 1.499957
371 8 38 25 0.536637
372 3 132 47 -1.148858
373 3 14 30 -0.204707
374 13 14 31 0.014545
375 4 5 25 -2.064944
376 20 43 8 1.274765
377 9 0 3 -1.465933
378 5 31 19 0.483120
379 7 4 13 -0.383751
380 10 43 6 0.906643
381 0 1 39 -3.257641
382 2 28 8 -1.400467
383 6 15 38 -0.486588
384 6 8 4 -0.150942
385 17 9 17 0.603951
386 44 10 11 2.224379
387 56 3 4 1.797176
388 45 27 17 2.726993
389 27 10 54 1.325854
390 7 10 14 0.720093
391 15 2 26 -0.438969
392 7 60 8 0.836999
393 21 9 8 0.882504
394 18 77 5 2.665890
395 6 8 1 -0.464007
396 13 11 35 -0.261313
397 28 8 8 1.324439
398 24 9 7 1.750428
399 36 24 5 2.806610
400 7 1 27 -2.157765
401 8 1 49 -2.725853
402 16 5 4 0.523644
403 24 3 31 0.739967
404 20 24 14 1.241030
405 7 25 4 0.857786
406 10 28 19 0.500139
407 1 3 6 -2.217478
408 9 57 3 0.404220
409 2 32 19 0.141292
410 8 2 15 -0.696216
411 30 11 7 2.017129
412 58 1 4 2.125653
413 27 11 6 1.721781
414 2 96 8 -0.443838
415 18 17 10 0.982137
416 16 15 3 1.320022
417 8 3 1 -1.365489
418 19 29 15 0.957703
419 4 1 0 -0.943239
420 27 6 8 1.551263
421 11 5 9 -0.549695
422 69 11 12 3.470240
423 2 106 2 -1.082468
424 75 4 36 1.699013
425 45 4 10 2.060763
426 16 6 5 0.575368
427 2 11 9 -1.782056
428 10 27 19 -0.407431
429 2 4 15 -1.946716
430 3 11 53 -0.980563
431 14 8 8 0.291562
432 2 48 4 -0.538728
433 13 14 11 0.487021
434 1 3 6 -3.891328
435 10 5 7 0.540165
436 0 7 5 -2.323149
437 16 10 23 0.562502
438 3 3 6 -1.053162
439 2 23 5 -0.797859
440 5 15 3 -0.724169
441 9 6 10 -0.877808
442 9 5 6 -0.525215
443 47 9 29 1.939277
444 17 19 5 1.081008
445 14 8 7 0.313443
446 4 4 55 -2.329827
447 3 50 6 -0.730156
448 6 16 4 -0.947884
449 17 5 18 0.661431
450 8 29 22 -1.125644
451 5 147 24 -0.023996
452 88 66 7 4.581068
453 7 11 3 -0.676803
454 5 13 37 -1.143017
455 10 26 4 -0.586186
456 8 9 15 -1.237006
457 12 30 17 1.187674
458 18 18 54 0.427577
459 8 22 2 -0.166431
460 20 2 10 0.380239
461 35 16 26 1.649436
462 45 14 31 2.435328
463 4 11 7 -0.465137
464 27 15 10 1.955323
465 16 29 10 0.843289
466 4 8 3 -1.210139
467 31 7 2 1.038974
468 17 1 76 0.395907
469 5 4 30 -1.179659
470 20 111 8 2.547395
471 15 3 6 -0.995139
472 2 4 1 -1.204974
473 69 1 1 2.160964
474 4 4 6 -2.105293
475 26 9 9 1.668600
476 17 12 32 1.023150
477 6 4 16 -2.155332
478 1 3 14 -4.877694
479 5 21 24 -0.325423
480 4 15 35 -1.815194
481 12 3 19 -0.421682
482 16 14 12 1.239034
483 0 19 53 -4.477236
484 19 18 26 0.725561
485 11 16 9 0.909400
486 5 2 5 -1.678471
487 1 5 58 -2.996523
488 22 6 7 0.890709
489 12 4 15 -0.201218
490 28 8 17 1.180139
491 28 6 12 1.225051
492 5 11 7 -0.471971
493 5 8 13 -0.808703
494 13 23 6 0.601224
495 4 14 26 -1.759451
496 10 36 32 0.742175
497 140 7 5 4.271034
498 2 9 15 -1.555351
499 0 39 12 -2.661108
500 6 2 10 -0.993979
501 4 7 14 -0.087076
502 7 3 9 -1.511692
503 10 10 28 0.148101
504 2 6 38 -2.259555
505 3 2 22 -3.200966
506 12 12 10 0.449860
507 9 7 38 -0.157749
508 9 7 67 -0.931577
509 9 91 10 1.325247
510 45 1 16 1.219645
511 4 28 5 -1.905382
512 11 6 3 0.424231
513 6 8 62 -3.070003
514 4 24 9 0.060573
515 24 0 6 0.404020
516 22 9 11 1.429714
517 9 35 17 -0.066227
518 12 16 25 0.368515
519 9 44 12 1.225443
520 14 6 16 0.060211
521 63 3 1 2.293685
522 23 9 12 1.492513
523 5 12 31 -0.124254
524 3 3 11 -1.922101
525 0 1 64 -3.554095
526 18 8 31 1.059399
527 3 8 16 -1.908827
528 24 16 4 2.001730
529 4 13 9 -1.230349
530 125 22 23 4.510345
531 2 6 13 -1.827295
532 27 26 24 2.179723
533 6 42 5 -0.510881
534 5 15 5 -0.591709
535 5 6 1 -1.892871
536 17 31 11 1.575989
537 11 0 20 -1.579758
538 102 1 2 2.622709
539 8 2 9 -1.429746
540 48 34 23 3.085150
541 2 2 1 -1.698954
542 52 10 6 2.482536
543 7 17 0 0.326510
544 41 11 8 2.368042
545 16 10 3 0.869188
546 7 7 21 -0.971927
547 7 4 12 -1.410447
548 45 11 2 2.159811
549 11 76 1 1.911193
550 12 11 28 0.592610
551 22 7 0 1.665459
552 22 5 3 0.918473
553 47 4 32 1.151008
554 11 24 14 0.681404
555 1 1 16 -3.645407
556 20 12 2 1.046029
557 9 9 4 0.093076
558 29 5 13 0.564085
559 18 27 5 1.301673
560 7 85 11 1.320561
561 9 18 8 0.457020
562 85 23 12 4.059918
563 10 7 40 0.041265
564 7 1 37 -3.319964
565 94 19 13 3.683937
566 20 8 8 0.659608
567 8 16 3 0.596704
568 10 22 2 -0.249930
569 2 77 9 -0.425688
570 4 4 26 -1.968365
571 31 12 6 1.070195
572 9 3 4 -0.406627
573 13 4 19 -0.790634
574 21 6 4 0.647827
575 47 9 3 2.028348
576 11 19 6 0.709614
577 19 5 3 0.617308
578 55 133 42 3.493579
579 10 67 16 1.227929
580 2 19 10 -0.484400
581 4 1 16 -2.169097
582 0 22 3 -2.411878
583 0 3 63 -4.650577
584 6 11 41 -0.425899
585 20 3 24 0.597534
586 11 9 9 0.096350
587 35 4 16 1.489326
588 9 0 6 -0.945627
589 12 35 24 0.931030
590 11 3 49 0.281642
591 12 4 6 -0.208465
592 17 13 22 1.330767
593 24 8 4 2.084473
594 11 12 71 0.028632
595 2 8 7 -2.600981
596 14 1 33 -0.980027
597 11 1 4 -0.985875
598 19 1 7 0.064783
599 5 12 8 -2.004107
600 14 3 20 -0.006667
601 19 6 45 0.980741
602 48 5 5 2.158919
603 5 13 5 -2.681857
604 17 1 7 0.414421
605 33 2 3 1.215385
606 2 127 4 -0.729417
607 3 3 4 -2.440329
608 13 23 13 0.074350
609 6 1 10 -2.298221
610 12 42 10 0.927868
611 5 5 7 -0.720250
612 7 9 2 -0.799308
613 17 8 9 0.799632
614 1 14 21 -2.505955
615 2 38 3 -0.617611
616 9 7 5 -0.038287
617 16 47 16 1.262795
618 8 16 8 -0.495591
619 12 4 39 -0.360580
620 12 10 9 0.438810
621 5 8 5 -1.452997
622 4 17 8 -1.331893
623 14 4 10 0.508672
624 6 26 8 -0.695150
625 4 5 17 -2.129715
626 6 9 4 -1.081328
627 27 17 20 1.778552
628 4 15 71 -0.912786
629 5 14 2 -1.039073
630 37 7 17 1.912395
631 0 60 9 -1.682416
632 18 7 5 0.984403
633 59 1 11 1.714449
634 25 7 9 1.447457
635 5 3 11 -0.929890
636 15 12 6 0.887085
637 7 8 41 -1.083104
638 0 7 10 -3.264267
639 35 13 48 2.181055
640 2 20 15 -3.154625
641 51 3 6 1.299779
642 16 5 31 -0.316000
643 10 80 22 0.496912
644 29 15 3 1.954803
645 8 11 9 -0.438689
646 43 3 2 1.915334
647 25 2 27 0.808352
648 23 23 8 2.211871
649 12 17 10 0.401806
650 108 3 3 3.053863
651 3 8 0 -1.642310
652 5 5 5 -1.383732
653 12 2 26 -0.142713
654 54 7 61 2.572763
655 15 75 42 1.320167
656 0 9 31 -2.601841
657 10 6 32 -0.117679
658 5 8 17 -1.158081
659 8 13 23 -0.631998
660 9 1 4 0.356101
661 4 10 8 -1.238235
662 5 4 1 -1.491693
663 16 7 2 0.787225
664 15 35 2 0.893893
665 45 7 15 1.888768
666 16 45 14 0.934683
667 4 6 1 -2.389440
668 1 15 5 -2.591677
669 7 1 3 -0.440811
670 11 22 23 -0.472348
671 19 5 19 -0.045242
672 14 15 5 1.322906
673 16 16 0 1.726713
674 15 1 9 -0.137569
675 7 28 7 0.444592
676 6 8 35 -1.617757
677 13 9 9 -0.108334
678 13 15 33 0.175393
679 54 25 12 2.859273
680 50 35 17 2.975551
681 0 13 5 -1.772399
682 3 13 9 -0.128291
683 3 37 3 0.161058
684 26 2 17 0.063187
685 2 20 10 -0.923468
686 11 3 8 -0.109514
687 13 14 215 0.326700
688 18 23 1 1.088417
689 0 6 5 -2.183969
690 42 6 25 1.976698
691 38 10 20 2.335732
692 12 21 18 0.161503
693 9 13 55 -0.107161
694 27 15 12 1.307035
695 3 3 12 -2.234732
696 1 6 33 -2.764359
697 64 0 45 1.916195
698 8 16 10 -0.332429
699 33 2 14 0.755056
700 1 14 41 -1.357447
701 10 12 11 0.165237
702 11 30 53 -0.609637
703 15 18 8 1.212693
704 1 70 34 -0.187111
705 14 2 1 -0.675743
706 4 9 41 -1.960843
707 6 15 30 -0.900364
708 20 7 3 0.273617
709 2 11 8 -1.656226
710 14 6 19 0.092302
711 0 6 59 -1.658162
712 3 10 3 -1.366939
713 19 24 3 1.347155
714 8 12 9 -0.906683
715 3 3 2 -1.120290
716 0 12 25 -2.368241
717 16 5 2 0.005553
718 10 6 27 -0.783708
719 12 1 4 -0.701726
720 4 8 2 -1.423180
721 2 5 5 -1.701378
722 29 12 1 1.970477
723 7 5 5 -0.999021
724 13 10 104 1.276726
725 16 2 28 -0.013331
726 28 29 6 2.468180
727 4 29 2 0.601340
728 6 1 5 -1.500472
729 7 38 3 -0.875043
730 2 1 13 -1.980753
731 10 48 18 0.689418
732 1 4 35 -2.761470
733 9 68 4 0.122675
734 25 5 9 0.480879
735 33 12 22 1.584945
736 13 19 4 1.284508
737 6 17 3 -0.014539
738 46 5 4 2.188559
739 6 0 54 -3.028395
740 7 4 6 -0.557557
741 44 11 20 1.635552
742 5 3 18 -1.079472
743 23 4 6 1.370293
744 2 38 8 -1.169243
745 2 38 0 -1.987469
746 20 10 15 1.313251
747 6 12 1 -0.532210
748 19 56 32 1.721202
749 1 3 10 -3.755922
750 15 7 5 0.771635
751 24 37 7 1.637150
752 22 1 1 -0.198047
753 10 2 18 -0.827813
754 21 17 3 1.974573
755 2 18 1 -1.898981
756 24 12 6 1.067910
757 17 11 9 0.460234
758 9 5 35 -0.001434
759 22 27 3 1.371920
760 47 18 5 2.965697
761 4 8 5 -1.476253
762 2 12 3 -1.345285
763 5 15 13 -1.514956
764 11 6 26 -0.640515
765 13 5 114 0.136380
766 15 27 6 1.016849
767 4 3 10 -2.591144
768 9 40 6 -0.017457
769 19 9 9 0.758448
770 7 58 3 1.123278
771 16 2 10 0.691134
772 8 14 43 0.021527
773 10 1 28 -0.634000
774 7 17 5 -0.431173
775 0 17 21 -2.874165
776 20 67 2 2.637122
777 14 16 7 1.103692
778 12 19 3 1.056383
779 13 6 10 -0.055149
780 1 7 12 -3.073559
781 15 5 4 1.053156
782 26 7 16 1.250283
783 34 37 63 2.123533
784 13 12 3 0.185306
785 25 1 0 1.224225
786 21 4 24 0.937306
787 18 1 0 0.034524
788 2 10 1 -1.597930
789 6 3 10 -1.889209
790 7 5 44 -0.289014
791 41 17 2 2.913800
792 6 14 4 -1.456568
793 5 31 12 -0.323296
794 51 2 40 1.692261
795 5 47 10 -0.042205
796 4 2 6 -2.264224
797 9 22 16 0.092184
798 7 31 9 -0.050707
799 2 11 8 -0.535239
800 20 5 8 0.735698
801 12 7 6 0.031226
802 30 14 24 1.477724
803 5 29 16 -0.604047
804 23 1 6 1.206958
805 21 10 8 0.689034
806 73 82 37 4.036389
807 21 1 15 0.857070
808 8 0 5 -1.115930
809 7 5 4 -0.063948
810 19 8 13 1.317167
811 12 3 1 -0.049131
812 17 4 1 0.436660
813 4 3 21 -1.326622
814 16 23 2 1.189825
815 20 13 5 1.394277
816 7 21 5 -0.160366
817 15 31 63 0.853247
818 50 20 0 3.335731
819 5 4 54 -1.598816
820 4 19 8 -0.906131
821 4 17 13 -1.318361
822 0 37 2 -1.066437
823 4 28 1 -0.251844
824 11 2 4 -0.168550
825 2 3 3 -3.989019
826 12 5 4 -0.799145
827 19 3 18 0.694277
828 49 8 3 2.773163
829 2 3 25 -2.474881
830 6 33 23 0.692482
831 4 16 60 0.281232
832 38 3 27 1.970044
833 23 46 17 1.502819
834 0 2 16 -2.538825
835 63 6 6 2.611788
836 2 32 1 -0.716460
837 1 18 13 -3.383921
838 4 6 17 -0.996888
839 9 1 4 -1.176978
840 22 4 2 1.275531
841 13 16 35 0.297851
842 15 7 14 -0.082281
843 24 10 6 1.141568
844 19 13 14 0.346099
845 2 4 5 -2.186743
846 17 9 16 1.051308
847 13 6 42 -1.078901
848 8 46 14 0.631571
849 85 5 24 3.258957
850 31 3 9 1.124221
851 0 1 10 -3.224275
852 10 20 9 1.587407
853 18 4 13 1.070850
854 21 28 16 1.445462
855 36 2 4 1.428979
856 8 22 9 0.012578
857 2 8 25 -1.842086
858 16 13 3 1.744626
859 5 18 9 -1.153311
860 16 5 4 0.119420
861 5 1 5 -3.359265
862 29 12 8 1.485940
863 0 30 12 -1.911478
864 63 24 2 3.887595
865 20 2 5 0.495712
866 9 6 11 -0.498535
867 5 4 13 -2.352874
868 3 14 2 0.329207
869 5 6 4 -0.683406
870 18 3 7 0.970884
871 2 17 2 -0.170093
872 32 40 3 2.891804
873 11 4 4 -0.640378
874 12 25 81 0.669659
875 4 36 35 -0.823554
876 9 21 29 0.557720
877 76 13 11 3.423907
878 2 17 28 -1.323655
879 20 5 13 -0.064027
880 4 15 1 0.135046
881 24 22 15 1.165257
882 11 0 14 -1.030859
883 26 3 2 1.428580
884 3 15 16 -2.318626
885 24 16 1 1.552449
886 8 21 12 -0.854494
887 10 24 3 1.306096
888 6 63 9 0.731460
889 11 30 11 0.028613
890 1 22 71 -3.276015
891 8 42 7 -0.386848
892 10 29 3 1.158749
893 24 3 4 1.389274
894 2 22 5 -0.530117
895 1 8 4 -2.455099
896 21 7 12 0.961843
897 6 6 11 -0.378219
898 18 1 12 -0.967922
899 16 11 22 0.469506
900 19 35 11 1.906539
901 0 1 2 -4.165633
902 7 8 5 -0.181485
903 15 4 14 -1.478593
904 19 8 10 0.903509
905 12 16 1 1.061986
906 7 3 7 -1.788283
907 23 15 3 1.730665
908 13 12 5 0.921550
909 1 6 16 -2.418146
910 1 7 93 -3.929777
911 19 10 3 1.303865
912 6 7 48 -1.311640
913 15 4 38 0.111068
914 5 53 10 0.564005
915 5 15 25 -1.611625
916 28 11 4 1.856594
917 5 2 1 -1.848448
918 7 14 3 -0.024233
919 11 11 26 -0.402085
920 1 21 77 -1.180696
921 17 3 5 0.514910
922 38 2 3 1.396083
923 3 2 2 -2.462787
924 19 37 3 1.965233
925 15 20 17 0.750576
926 2 1 22 -2.473416
927 12 16 4 1.245489
928 12 16 15 0.696156
929 3 39 3 -0.436437
930 21 18 39 1.914549
931 9 3 14 -1.204971
932 4 8 6 -1.052675
933 2 21 2 -1.095320
934 14 1 2 0.591891
935 7 15 17 0.099593
936 21 0 3 0.080369
937 10 53 18 0.944089
938 73 9 4 2.699393
939 4 9 6 -1.898337
940 3 7 8 -1.234192
941 11 16 12 0.328438
942 10 6 2 -0.810198
943 8 12 29 -0.535304
944 41 7 16 1.522493
945 4 13 33 -2.133825
946 7 29 4 0.502046
947 3 12 24 -1.610123
948 6 6 4 -0.809497
949 11 27 18 0.952050
950 18 8 8 1.056736
951 24 14 10 1.080765
952 32 7 9 1.414571
953 17 8 4 1.613220
954 3 9 107 -1.986504
955 3 4 40 -0.991569
956 14 1 3 -0.734975
957 33 20 29 2.238801
958 8 2 3 -0.480457
959 6 3 14 -0.324310
960 4 6 6 -2.172772
961 4 1 10 -2.406579
962 9 40 7 -0.411005
963 3 10 40 -0.931089
964 3 24 43 -0.485455
965 31 47 36 2.354852
966 55 55 14 3.302217
967 7 2 2 -1.819024
968 4 3 13 -0.913845
969 7 2 13 -2.487131
970 8 11 3 -0.676102
971 4 7 3 -1.625403
972 25 13 4 2.255704
973 4 2 29 -1.233965
974 52 23 5 3.048482
975 8 7 22 -0.438139
976 4 7 7 -1.942963
977 10 19 5 0.676632
978 18 12 6 1.549822
979 8 2 14 -2.718501
980 4 1 22 -1.802942
981 12 3 44 -0.728217
982 21 12 2 1.557791
983 0 3 1 -2.212712
984 16 3 5 -0.175843
985 9 18 3 0.053119
986 21 2 29 -0.448231
987 5 10 7 0.250019
988 14 18 16 0.927684
989 12 13 29 0.245972
990 9 3 13 -0.662047
991 5 3 11 -1.758028
992 6 7 62 -0.714096
993 19 25 7 1.577189
994 10 7 22 -1.248001
995 0 5 11 -4.021841
996 7 63 16 0.710798
997 5 4 6 -1.913283
998 2 16 16 -1.829379
999 7 76 4 1.796266
1000 7 3 8 -0.986910
