STT x y
1 -0.752759 -1.180733
2 2.704286 0.500159
3 1.391964 0.137729
4 0.591951 1.173962
5 -2.063888 -1.320359
6 -2.064033 -2.373647
7 -2.651498 -0.701173
8 2.197057 1.2032
9 0.60669 0.292629
10 1.248435 0.449716
11 -2.876493 -0.486472
12 2.819459 1.395156
13 1.994656 1.07384
14 -1.725965 -1.308381
15 -1.90905 -1.277083
16 -1.899573 -0.945758
17 -1.174547 -0.326911
18 0.148539 0.261344
19 -0.40833 -1.256355
20 -1.252625 -0.746469
21 0.671117 0.962506
22 -2.163037 -0.752409
23 -1.247132 -0.178514
24 -0.801829 0.13369
25 -0.26358 -0.385754
26 1.711056 0.799001
27 -1.801957 -1.119484
28 0.085407 0.979232
29 0.554487 0.658232
30 -2.721298 -0.08137
31 0.645269 -0.721426
32 -1.976855 -1.076763
33 -2.60969 -0.83685
34 2.693313 0.709459
35 2.793792 0.950818
36 1.850384 0.381098
37 -1.172317 -0.196128
38 -2.413967 -0.913907
39 1.105398 0.812638
40 -0.359085 -0.934165
41 -2.267771 -1.711316
42 -0.028939 -0.323096
43 -2.793669 -0.447131
44 2.455922 1.198129
45 -1.44732 -0.751506
46 0.975134 0.400123
47 -1.129734 -0.025655
48 0.120408 0.77614
49 0.280262 0.239382
50 -1.890873 -1.58832
51 2.817508 0.731414
52 1.650797 0.250925
53 2.636994 1.015813
54 2.368964 1.289482
55 0.5874 0.652134
56 2.531245 0.826142
57 -2.469045 -1.724094
58 -1.824103 -1.546646
59 -2.728636 -1.037316
60 -1.048018 -0.491317
